EUCLIDEAN
50
18.455105116799835 18.713634572170335
3.7557098802061484 6.2454227476839534
18.73827376958 14.753478318865966
1.0000185849698018 13.512161345941664
1.8431803539873304 0.6303725226317702
16.049605558006835 14.753451809719795
14.037211161253719 11.303937596948288
2.4628071881094016 0.9369705439642506
19.987445438610813 7.413570707019961
4.179776755101887 19.0510842765716
4.797887169765276 5.958046505138759
17.589317700277633 14.324894690674919
18.877647646476145 18.718007376888053
7.105604530521128 3.0135300472045157
12.781243188725886 5.675068383240179
19.239060232358845 15.020354592486203
4.493433605752319 15.72042408439988
1.3670492249607502 14.563580491101442
16.388535715997797 2.2809286816236085
4.714782463240468 19.878816997280488
11.808359776279007 7.875272439582936
19.570060999198894 1.9970182977450457
1.8894881651801176 9.374427126896087
3.264047477892682 16.010036766693148
4.471463148803849 16.803320435230948
18.927055070095143 18.527467703979653
1.1391469897969864 8.36594951984857
4.707387053502046 2.2944492405167183
5.166539661411584 19.857780196894836
15.93712873767068 9.425473489644354
12.070199003193736 15.408523071225023
6.908845196773825 19.32105810262319
8.217765539597012 4.15547456998371
12.150673941655906 11.908370102161637
13.283090081085083 19.794998172273637
4.161682360499672 18.622832980938625
4.7166128536725305 16.521912342008754
14.453238783109505 16.339544934774885
6.976227043232413 15.584153604374453
8.382977766964272 6.3195320708341995
14.027384520862153 4.253897079905529
19.025039766882934 18.097905851199773
7.466768764805916 0.38083678371776175
0.6335424201433604 8.287591412378978
14.058400346719953 4.973931405556947
3.8515142263564695 19.72870413999016
17.22773442087493 16.72798822600235
0.6975850320902865 8.763961786445336
11.943234463585986 1.092212339005445
8.143185246821595 3.672587620414931
0.0 19.275075263714413 3.970267250010134 18.213603969474246 24.555252201466494 4.633516552184065 8.626783657138139 23.911574122414283 11.403486757054834 14.279316234935703 18.687552782229172 4.4733237752298445 0.4225651556935978 19.372775889190297 14.219596247501533 3.7755665312038618 14.278920841803659 17.584783280962352 16.56214152739737 13.789638019458753 12.71413848197509 16.75375737815481 19.01684676000878 15.429765820723931 14.113523401011143 0.5073409713667625 20.172183615021932 21.41470053265078 13.337729981998967 9.623416302997734 7.189630596438563 11.562226493463395 17.79727912542335 9.276716927280331 5.283851508633436 14.293711170276582 13.91221822709065 4.653088840664075 11.897827236753086 15.970645765432662 15.122457406813856 0.8390157109335845 21.37369903729447 20.64728730174232 14.426033964395383 14.638826220805901 2.3343586350998975 20.354987302915706 18.786137999164854 18.236468539982255
19.275075263714413 0.0 17.22974841085878 7.77170022389244 5.931825875606713 14.95080029487027 11.458527002735151 5.463630859639731 16.273715276263108 12.81268121459427 1.0810728965487035 16.02019263920135 19.60199911079483 4.654774387187976 9.043536675672813 17.797010058108967 9.503677531671745 8.654331168281793 13.240298402878716 13.66708670435876 8.215934540081573 16.375061578053618 3.6432748859732516 9.776984139195458 10.582131464039675 19.519691165057825 3.367942272506053 4.063973560016088 13.685273690965161 12.589665924973362 12.373081140748951 13.4504461732659 4.927253199600626 10.12642060812303 16.56387538225112 12.384066284425046 10.321316432833674 14.708107538238023 9.878442428391736 4.627861308163932 10.462957249693606 19.329609176268644 6.940124391804237 3.730734847685799 10.380853581565361 13.483621752958369 17.069845465955883 3.9617125686284678 9.674251202008437 5.0861990410095785
3.970267250010134 17.22974841085878 0.0 17.78163560591715 22.020588067833852 2.6886682117038503 5.830893657028213 21.349161565234496 7.4454465016642315 15.179566933489081 16.48314288423839 1.226288699915379 3.966978160951048 16.527110426406463 10.858348875427614 0.567459273185284 14.277620789420142 17.372262471093745 12.691956640877983 14.93075366441468 9.763883657251993 12.783549673929125 17.68659854434609 15.525160819107574 14.413318077081172 3.778708014437603 18.722440748181103 18.764146333221902 14.499857391190819 6.019472481040103 6.7001719916514375 12.680621650380981 14.933143569873764 7.175730782131117 7.428051662954743 15.081409834898656 14.132739781616873 4.569150046275234 11.791342782852963 13.355283771469567 11.507983477013486 3.3566993097746396 18.26525799901317 19.2246974156358 10.841621330945099 15.696129512365072 2.4860447496708633 19.00896521158183 15.257874928786709 15.331080831960465
18.213603969474246 7.77170022389244 17.78163560591715 0.0 12.909353394228715 15.10069104625588 13.222883286058712 12.659983183385847 19.942797855454263 6.386746374483637 8.45508467227946 16.609195664655 18.620162559943896 12.144934700744056 14.14981552071167 18.30129195122887 4.132840769917454 1.1136398473028364 19.051169167586195 7.371144745155199 12.189944866584975 21.85051474649278 4.232257152109288 3.3712324816873736 4.783581870396327 18.615368247874965 5.148092158465131 11.81446764952465 7.591230235080863 15.486067200833386 11.231432779710179 8.285982950631059 11.817083334072619 11.265401068635684 13.796662058809476 6.009582547087635 4.782433900900337 13.747117212639074 6.325205091980417 10.307376105106934 15.982106258169166 18.59920539366997 14.637299704756858 5.237407351932166 15.60200963820017 6.839329770020119 16.54328576109979 4.7578214668804515 16.553220445003845 12.159031254958881
24.555252201466494 5.931825875606713 22.020588067833852 12.909353394228715 0.0 20.032071426259826 16.205535434666487 0.6913318741741428 19.370754581837385 18.568314524033635 6.092159094367655 20.86817621976735 24.846239364535187 5.776897783472987 12.045338305864576 22.576275616528584 15.321014928369173 13.941340866095157 14.638705483790313 19.46146740016029 12.32044543533652 17.779483065719635 8.744177224629741 15.445158971142222 16.385118694509803 24.74196417518006 7.767548806268477 3.312526428657094 19.512506834298705 16.613042528744582 17.971801359020823 19.36498612830751 7.284344907597337 15.278666612754868 22.31937299421865 18.14122611341189 16.149230698738915 20.144271430367333 15.810241521072829 8.668072828932782 12.711599482254615 24.5016532803226 5.629122018511276 7.7521755047532155 12.964493944627879 19.20363703857934 22.266965109111545 8.213870156873414 10.110607747945163 6.996079927424749
4.633516552184065 14.95080029487027 2.6886682117038503 15.10069104625588 20.032071426259826 0.0 3.9936048267443756 19.377725473110136 8.329492032954068 12.623885322293239 14.281467752305625 1.5982411224030537 4.869858611840665 14.758757311157511 9.648794650893528 3.200602789349897 11.596557487895877 14.683783967040156 12.477127346985366 12.43975815261326 8.080687918042646 13.233299001339432 15.147370435724492 12.847159264758261 11.758203222841477 4.745830977262388 16.221034498989656 16.84852117021965 12.020619434694519 5.329165414425307 4.0329635364257275 10.218440547777304 13.177816194192786 4.826609334891619 5.7507214860248155 12.50179301532431 11.470142819109025 2.2503507018558513 9.111326091410216 11.397727135194554 10.69252203399346 4.476447427025351 16.74028524560985 16.71712754478153 9.980176227346565 13.173707446468685 2.2993002580674027 16.479032889313235 14.265053362721739 13.612385291305175
8.626783657138139 11.458527002735151 5.830893657028213 13.222883286058712 16.205535434666487 3.9936048267443756 0.0 15.5383664910825 7.109166089893097 12.53743573252459 10.674439534944325 4.663007894772826 8.854278969475072 10.806388287678015 5.767289152890344 6.393042236938555 10.516132507853579 13.082747237843066 9.324345395134774 12.666342548651626 4.089440457768625 10.827334582949385 12.30000750582602 11.756207940656818 11.03389082054406 8.722955958849164 13.22844787993648 12.969830312161386 12.323028689521577 2.6717623770850696 4.551566625415843 10.727899259690519 9.217725912137928 1.9810000843731257 8.524482875658743 12.291960736038726 10.68179822180583 5.052763624287214 8.2569816389027 7.537549583641531 7.05004736542996 8.428311743101938 12.746954328820518 13.738874772942097 6.330041655837142 13.218362733498159 6.292834329356346 13.579289465351268 10.42420602032036 9.642460471494456
23.911574122414283 5.463630859639731 21.349161565234496 12.659983183385847 0.6913318741741428 19.377725473110136 15.5383664910825 0.0 18.683128632084895 18.195304361615186 5.5374906165712385 20.200193890970812 24.19942681402654 5.08602659580176 11.35428080652269 21.90398074466948 14.922263307898305 13.670595603894585 13.990430247430758 19.075244158353794 11.639561262048902 17.140065174827416 8.456912456145705 15.094347000011057 15.99299089102886 24.09350635868474 7.545979389365419 2.623144522080293 19.113011463650096 15.925200892917841 17.370314045457473 18.91406696982241 6.593808747064209 14.636473977706705 21.74175080149026 17.767270668027354 15.747064832106304 19.519470989215673 15.326804311198934 8.001274165611335 12.030854106423623 23.849638332949834 5.034770721725168 7.574815954364564 12.278225999632319 18.842976378005833 21.618494758500212 8.023577828498729 9.48169823083017 6.304783555275112
11.403486757054834 16.273715276263108 7.4454465016642315 19.942797855454263 19.370754581837385 8.329492032954068 7.109166089893097 18.683128632084895 0.0 19.629419535204992 15.259135988152007 7.31555984572659 11.358782485921868 13.612574443850143 7.412944165177172 7.643509763003231 17.58033605225017 19.945971900756664 6.2686653565478565 19.71386820073884 8.192106613174255 5.432609849113508 18.20387363640751 18.803490847916095 18.13596168875645 11.16436895631233 18.872344311682173 16.114763071207314 19.3524571536668 4.5224792077627445 11.251757837112942 17.687228170695043 12.212311630621782 9.034279666805253 14.080061322214545 19.393358082859244 17.78089466750431 10.502402545148424 15.363926223943377 11.655925123290595 6.7458034045736515 10.727592560781279 14.360595071442116 19.37362831897112 6.4113505303421086 20.29854151308572 9.714647632278735 19.337069854826503 10.230782073115282 12.421008571974646
14.279316234935703 12.81268121459427 15.179566933489081 6.386746374483637 18.568314524033635 12.623885322293239 12.53743573252459 18.195304361615186 19.629419535204992 0.0 13.107619866660858 14.21803982137422 14.701644430491765 16.302257936595925 15.902925076457324 15.589381021533587 3.345396528915116 5.2961425947025695 20.74347883176835 0.9855823479917856 13.531224967709603 22.971765616170426 9.943998965078993 3.1759297955836545 2.266610517647296 14.756571146948849 11.109344451361146 16.764939318665007 1.2745427969020549 15.19498959076394 8.690628020337698 2.742389546742518 15.433228500696275 10.70297004274663 9.133658708055705 0.428633385689149 2.5855180663280852 10.62527494434971 4.45418258492023 13.407435262328805 17.774479672874822 14.875832178387494 18.957385313282874 11.332632377164815 17.19748345016762 0.7529441991792777 13.253149607092496 10.8605040547238 19.56508003718161 15.881019056586318
18.687552782229172 1.0810728965487035 16.48314288423839 8.45508467227946 6.092159094367655 14.281467752305625 10.674439534944325 5.5374906165712385 15.259135988152007 13.107619866660858 0.0 15.284791250675731 19.001480377331724 3.7410876210240755 7.988369667394458 17.049132156616682 9.767123833181415 9.2642249641872 12.159947747021567 13.921018550635239 7.267907639092889 15.294013995899578 4.486696036349123 10.16834167496097 10.850185217783054 18.910942198356558 4.379997332506378 3.6647148850067115 13.904621582816846 11.666437013974285 11.92468140994841 13.528718444342585 3.865854840245763 9.4588489903464 16.23144786779346 12.680756012041863 10.56417847889013 14.177493587438027 9.869503659774015 3.6032688498543664 9.385507264790062 18.702621633445315 6.182895538908897 4.771639830137272 9.312657345235898 13.803138536010838 16.446663715073537 4.9684643690069725 8.644786294734025 4.051461654529114
4.4733237752298445 16.02019263920135 1.226288699915379 16.609195664655 20.86817621976735 1.5982411224030537 4.663007894772826 20.200193890970812 7.31555984572659 14.21803982137422 15.284791250675731 0.0 4.578125503307947 15.422555298110566 9.896316267047233 1.790339324593272 13.170029707862904 16.224024328032336 12.103676904187187 14.02140187561581 8.66124134872267 12.48598736086094 16.461827861180744 14.424044882095869 13.349932666680367 4.410347061486602 17.496203701171005 17.62599656523194 13.599199837779832 5.17049866775614 5.624493013564395 11.7912739658186 13.829067050653736 5.951339094698296 6.961725964708403 14.098711443425207 13.058844383332048 3.7274396817062607 10.68753602596933 12.200103509514307 10.682338735068441 4.036943282978163 17.230866137939614 17.99853733569857 9.995393524883303 14.7623982080348 2.43014423594076 17.783548782480135 14.386873813856685 14.237312395510127
0.4225651556935978 19.60199911079483 3.966978160951048 18.620162559943896 24.846239364535187 4.869858611840665 8.854278969475072 24.19942681402654 11.358782485921868 14.701644430491765 19.001480377331724 4.578125503307947 0.0 19.626808383495472 14.397374931024665 3.7152732296870403 14.693233788542287 17.996675243747777 16.624476961299145 14.21035640556932 12.943713992219289 16.735319298891444 19.38814210928907 15.846690981087153 14.5328654389121 0.19684120620618875 20.538244993730594 21.69169304437908 13.758399771024514 9.746683410197285 7.569282885475838 11.983985241054409 18.04717286127462 9.572007889606358 5.697278607003491 14.716273049373234 14.330308433708469 5.023193941983548 12.307105745983177 16.243776832829273 15.255672357223942 0.6373777053827208 21.597684649405753 21.01525523761701 14.564503727965757 15.060086105536797 2.585031890113865 20.726738775784348 18.94082197024427 18.482243875083704
19.372775889190297 4.654774387187976 16.527110426406463 12.144934700744056 5.776897783472987 14.758757311157511 10.806388287678015 5.08602659580176 13.612574443850143 16.302257936595925 3.7410876210240755 15.422555298110566 19.626808383495472 0.0 6.268704849703469 17.06999071264062 12.972609337088613 12.8970803770287 9.311794464825043 17.033905426114092 6.764055439701297 12.505837484804934 8.226109748551078 13.552370549033572 14.039124608200527 19.504588036610784 8.015423244994816 2.5037021135962925 16.95549278764723 10.913699580367593 13.352267610544978 16.308715017244122 1.5940324348061714 10.225991637315055 17.882365619798108 15.884489787847267 13.718005447390393 15.217437428606601 12.571289319329697 3.5441969140307084 7.032037301557559 19.225278405005763 2.6573508281247045 8.348850893638803 7.223886983306282 17.028979671718176 17.045347654277656 8.60988844758967 5.205201735295611 1.2291991814366752
14.219596247501533 9.043536675672813 10.858348875427614 14.14981552071167 12.045338305864576 9.648794650893528 5.767289152890344 11.35428080652269 7.412944165177172 15.902925076457324 7.988369667394458 9.896316267047233 14.397374931024665 6.268704849703469 0.0 11.359479534809694 13.022939715995395 14.466840406047506 4.953053976225334 16.334450199705245 2.405701565814307 7.721146268217322 11.502851064288278 14.049504819931357 13.888500208608683 14.246233606849357 11.949026956052514 8.753041681635017 16.097609269642255 4.901545884736885 9.759391579234498 14.855911065881804 4.809833012837985 6.265115154126028 14.128845230612622 15.554466784461145 13.516371047989809 10.794750084456417 11.484258024319272 4.445230271301044 1.8901312369992347 13.903664497705142 7.501501625133544 12.425454138211652 1.4569569203275223 16.650667774139897 11.913787027142295 12.472211387832969 4.658844078265491 5.051881894694952
3.7755665312038618 17.797010058108967 0.567459273185284 18.30129195122887 22.576275616528584 3.200602789349897 6.393042236938555 21.90398074466948 7.643509763003231 15.589381021533587 17.049132156616682 1.790339324593272 3.7152732296870403 17.06999071264062 11.359479534809694 0.0 14.762235667567282 17.877847186623296 13.054442253759163 15.315328976333017 10.308613303433296 13.027541968981373 18.245112985699297 16.005639734521694 14.874840867001451 3.5209642994623596 19.2843969638413 19.31626755883216 14.880743318057807 6.496571876809373 7.179362512849807 13.058723272428722 15.476257771440547 7.7414254290954725 7.6335314079965215 15.501779705249827 14.599868271387392 4.964307615698567 12.275787027728484 13.91254250842506 11.961528794096909 3.0849840371794475 18.78569477209368 19.786242521006237 11.303532885852006 16.09177204500239 2.638454878571354 19.568565444243834 15.723301825045722 15.87105090871751
14.278920841803659 9.503677531671745 14.277620789420142 4.132840769917454 15.321014928369173 11.596557487895877 10.516132507853579 14.922263307898305 17.58033605225017 3.345396528915116 9.767123833181415 13.170029707862904 14.693233788542287 12.972609337088613 13.022939715995395 14.762235667567282 0.0 3.3335516188913474 17.947520466471435 4.1642798818771745 10.726348363279566 20.387166550210335 6.8594612938717106 1.2630383039000885 1.0831192028681635 14.70404442519681 8.083287377212892 13.427679493731876 4.191752302291316 13.060802473918093 7.5831824539493375 4.335755814990967 12.149843851854648 8.553659165835832 9.688148169383634 2.921307291510761 0.8319810116746293 9.979029501824318 2.4865302927816066 10.173756652915431 14.912325827868766 14.724808901091897 15.625097136444062 8.375306650804083 14.386649841163223 4.059355797868274 12.7740989016633 7.924697729064189 16.415971238080154 12.58852852816457
17.584783280962352 8.654331168281793 17.372262471093745 1.1136398473028364 13.941340866095157 14.683783967040156 13.082747237843066 13.670595603894585 19.945971900756664 5.2961425947025695 9.2642249641872 16.224024328032336 17.996675243747777 12.8970803770287 14.466840406047506 17.877847186623296 3.3335516188913474 0.0 19.403829309527477 6.281644446424935 12.399775426235639 22.119406027571056 5.215386379119124 2.385547762847231 3.8280309335061737 18.001838992657763 6.201819820393483 12.715716198974349 6.516492776141489 15.449510042882006 10.73644927985946 7.303772711231799 12.460376514729779 11.105705931639491 13.01382959161927 4.9282354994969015 3.8800309458903657 13.206150342056304 5.701266988707564 10.825321596248791 16.327083690718776 18.008222725456484 15.438808164301424 6.318708028462548 15.906972146818607 5.731585177895356 16.007685520611346 5.838129788291168 17.126980296918095 12.826914870540948
16.56214152739737 13.240298402878716 12.691956640877983 19.051169167586195 14.638705483790313 12.477127346985366 9.324345395134774 13.990430247430758 6.2686653565478565 20.74347883176835 12.159947747021567 12.103676904187187 16.624476961299145 9.311794464825043 4.953053976225334 13.054442253759163 17.947520466471435 19.403829309527477 0.0 21.117816842102673 7.230124046031119 3.1941678468298895 16.141254600369674 18.99317246601213 18.786071457785127 16.44366475929452 16.418627687002726 11.681156487302063 20.85375037347098 7.158791013425284 13.819615277678533 19.49950109681477 8.383042858242362 10.518892561687256 17.787254501881865 20.40964916662769 18.413022536222236 14.191196749105274 16.296237231235732 8.966564303604649 3.076952919189633 16.03520877298538 9.121856979358267 16.86119245229897 3.561150728384292 21.484919741002212 14.471412645111476 16.977504280754342 4.601494297280126 8.361968605625233
13.789638019458753 13.66708670435876 14.93075366441468 7.371144745155199 19.46146740016029 12.43975815261326 12.666342548651626 19.075244158353794 19.71386820073884 0.9855823479917856 13.921018550635239 14.02140187561581 14.21035640556932 17.033905426114092 16.334450199705245 15.315328976333017 4.1642798818771745 6.281644446424935 21.117816842102673 0.0 13.942880658052179 23.24732296656143 10.877706303246413 4.131838872741225 3.085106706737459 14.27637340377648 12.055342657587836 17.584369311897383 0.45224673914787183 15.336669990315896 8.607303890391375 2.263847667854266 16.108829489421982 10.900481906167316 8.568717583713422 1.372375886176275 3.3569051542922943 10.361659047972475 4.853685738358235 14.046702976243745 18.189631098733155 14.420648688831132 19.691233100354268 12.288735933750656 17.591441375135968 0.8762225280924208 12.903553333868244 11.818539738845445 20.12925813107926 16.5648971099143
12.71413848197509 8.215934540081573 9.763883657251993 12.189944866584975 12.32044543533652 8.080687918042646 4.089440457768625 11.639561262048902 8.192106613174255 13.531224967709603 7.267907639092889 8.66124134872267 12.943713992219289 6.764055439701297 2.405701565814307 10.308613303433296 10.726348363279566 12.399775426235639 7.230124046031119 13.942880658052179 0.0 9.736420165025253 10.031524251775323 11.797443083566058 11.555954877674576 12.81191190404601 10.680489945706118 9.03157800103936 13.700155714162426 4.410199137472456 7.537799735989754 12.450351503433213 5.170035122044037 4.047598762688251 12.010607437364785 13.190213534704263 11.182900161251588 8.867879895084034 9.098151216739462 3.7621230714440355 4.2471673280847995 12.513301081452807 8.66117649692045 11.18242146756766 3.6715749160752824 14.276387294464275 10.379797605618748 11.146258752214962 6.784400895386598 5.576384493616681
16.75375737815481 16.375061578053618 12.783549673929125 21.85051474649278 17.779483065719635 13.233299001339432 10.827334582949385 17.140065174827416 5.432609849113508 22.971765616170426 15.294013995899578 12.48598736086094 16.735319298891444 12.505837484804934 7.721146268217322 13.027541968981373 20.387166550210335 22.119406027571056 3.1941678468298895 23.24732296656143 9.736420165025253 0.0 19.157996157518102 21.50001775739038 21.146967632132828 16.542950589207013 19.50030451387497 14.865649732918301 22.94489578416549 8.269228703749118 15.366079208705086 21.457603332072775 11.555671580711522 12.380718836180248 18.8757540495561 22.667947550526442 20.774924038583823 15.22793288417625 18.526060011538064 11.99312121857736 5.984543790538554 16.11010950157287 12.210721747603657 19.95402330372175 6.264217014084593 23.695683055318554 14.91603059888065 20.04898683994668 7.680309683033613 11.549070179687224
19.01684676000878 3.6432748859732516 17.68659854434609 4.232257152109288 8.744177224629741 15.147370435724492 12.30000750582602 8.456912456145705 18.20387363640751 9.943998965078993 4.486696036349123 16.461827861180744 19.38814210928907 8.226109748551078 11.502851064288278 18.245112985699297 6.8594612938717106 5.215386379119124 16.141254600369674 10.877706303246413 10.031524251775323 19.157996157518102 0.0 6.776483497798287 7.864798192114101 19.34054905749043 1.256996007707115 7.620147046903153 10.98361316230707 14.047733318405243 11.834575912664334 11.141338015602216 8.20271664260439 10.569427635460997 15.440287093505557 9.523438313042835 7.686298127482273 14.36526002782934 8.027179787358982 7.176196138068573 13.173775309432463 19.228265905900066 10.582567086859063 1.6609068561559528 12.940123116707687 10.53852924883845 17.00989885445016 1.3391418933634358 13.025854921096892 8.462842368058169
15.429765820723931 9.776984139195458 15.525160819107574 3.3712324816873736 15.445158971142222 12.847159264758261 11.756207940656818 15.094347000011057 18.803490847916095 3.1759297955836545 10.16834167496097 14.424044882095869 15.846690981087153 13.552370549033572 14.049504819931357 16.005639734521694 1.2630383039000885 2.385547762847231 18.99317246601213 4.131838872741225 11.797443083566058 21.50001775739038 6.776483497798287 0.0 1.4446977473266351 15.864024248512708 7.933931681183122 13.79132228318687 4.29238931284323 14.28157771978978 8.82667113992573 4.924166193229586 12.847955771659093 9.787532852225116 10.710142273859773 2.7626893491032183 1.5401177797555405 11.194042062524705 3.736529618947566 10.959440157455074 15.939141903999152 15.898681556898003 16.18439860863886 8.158168857606054 15.437411551126658 3.764784749992265 13.982131716570875 7.687153706352394 17.258904147944733 13.267201543852032
14.113523401011143 10.582131464039675 14.413318077081172 4.783581870396327 16.385118694509803 11.758203222841477 11.03389082054406 15.99299089102886 18.13596168875645 2.266610517647296 10.850185217783054 13.349932666680367 14.5328654389121 14.039124608200527 13.888500208608683 14.874840867001451 1.0831192028681635 3.8280309335061737 18.786071457785127 3.085106706737459 11.555954877674576 21.146967632132828 7.864798192114101 1.4446977473266351 0.0 14.558050061709354 9.07157973824398 14.510789207814176 3.132547811926061 13.634299136670956 7.725687430347429 3.5042594381084355 13.191011584951104 9.106635886224444 9.305638337912175 1.8456950021035414 0.3732142718709351 9.992543846710975 2.785715335114773 11.18971693464778 15.773511334517364 14.611041844356528 16.693406633083356 9.340625049220487 15.226418149130119 2.990352234522616 12.75649370745791 8.881072205742589 17.397306808574818 13.63443021982063
0.5073409713667625 19.519691165057825 3.778708014437603 18.615368247874965 24.74196417518006 4.745830977262388 8.722955958849164 24.09350635868474 11.16436895631233 14.756571146948849 18.910942198356558 4.410347061486602 0.19684120620618875 19.504588036610784 14.246233606849357 3.5209642994623596 14.70404442519681 18.001838992657763 16.44366475929452 14.27637340377648 12.81191190404601 16.542950589207013 19.34054905749043 15.864024248512708 14.558050061709354 0.0 20.485754213100456 21.580311557928194 13.824670543684716 9.580498846673823 7.532880640524683 12.044382685717737 17.923254974799175 9.472686749822378 5.784546160696178 14.765680674771353 14.351268943762996 4.980164476571293 12.307940055776292 16.13106501745691 15.091109629561801 0.44059549040846824 21.462487646016356 20.96443825961553 14.401463293988755 15.123323070887304 2.475038799802474 20.67944935602117 18.781956232133112 18.356451472504094
20.172183615021932 3.367942272506053 18.722440748181103 5.148092158465131 7.767548806268477 16.221034498989656 13.22844787993648 7.545979389365419 18.872344311682173 11.109344451361146 4.379997332506378 17.496203701171005 20.538244993730594 8.015423244994816 11.949026956052514 19.2843969638413 8.083287377212892 6.201819820393483 16.418627687002726 12.055342657587836 10.680489945706118 19.50030451387497 1.256996007707115 7.933931681183122 9.07157973824398 20.485754213100456 0.0 7.042403907342766 12.177112303057594 14.835863805420122 13.003297287462603 12.381592040605033 8.236196930441412 11.567301733486104 16.67628576464025 10.692959291119159 8.906064875333769 15.519125752492817 9.282993792741642 7.527344067057549 13.528327388335864 20.36212499884877 10.188268878287694 0.5116404732435116 13.357128965015193 11.682000196178324 18.131914869937294 0.5944667584106518 13.024421626976919 8.4311445145318
21.41470053265078 4.063973560016088 18.764146333221902 11.81446764952465 3.312526428657094 16.84852117021965 12.969830312161386 2.623144522080293 16.114763071207314 16.764939318665007 3.6647148850067115 17.62599656523194 21.69169304437908 2.5037021135962925 8.753041681635017 19.31626755883216 13.427679493731876 12.715716198974349 11.681156487302063 17.584369311897383 9.03157800103936 14.865649732918301 7.620147046903153 13.79132228318687 14.510789207814176 21.580311557928194 7.042403907342766 0.0 17.56933167199652 13.302578890380651 15.039612104166489 17.16833793061344 3.9731816460559806 12.158535850723744 19.48876330940768 16.337500089868072 14.22746609272734 17.095213920754603 13.481983421505124 5.450803508090009 9.523748664621735 21.32473728013372 3.357990479958871 7.2466518606111645 9.727336443379897 17.45525027595021 19.107227581342478 7.611379955884847 7.335043374743866 3.7018879803914038
13.337729981998967 13.685273690965161 14.499857391190819 7.591230235080863 19.512506834298705 12.020619434694519 12.323028689521577 19.113011463650096 19.3524571536668 1.2745427969020549 13.904621582816846 13.599199837779832 13.758399771024514 16.95549278764723 16.097609269642255 14.880743318057807 4.191752302291316 6.516492776141489 20.85375037347098 0.45224673914787183 13.700155714162426 22.94489578416549 10.98361316230707 4.29238931284323 3.132547811926061 13.824670543684716 12.177112303057594 17.56933167199652 0.0 14.99461944444657 8.213184600244876 1.8231015289975612 15.996011420370806 10.581646965323024 8.116793227483226 1.5921158316510677 3.366073153926475 9.930798554827764 4.6409969480941164 13.915086647579155 17.944239742934656 13.969795377384203 19.612301717243803 12.426477075128007 17.337650973829845 1.321344967564471 12.460658762953475 11.960115484516047 19.951694902209912 16.45663628081028
9.623416302997734 12.589665924973362 6.019472481040103 15.486067200833386 16.613042528744582 5.329165414425307 2.6717623770850696 15.925200892917841 4.5224792077627445 15.19498959076394 11.666437013974285 5.17049866775614 9.746683410197285 10.913699580367593 4.901545884736885 6.496571876809373 13.060802473918093 15.449510042882006 7.158791013425284 15.336669990315896 4.410199137472456 8.269228703749118 14.047733318405243 14.28157771978978 13.634299136670956 9.580498846673823 14.835863805420122 13.302578890380651 14.99461944444657 0.0 7.123905380269628 13.395241637516381 9.346735087558567 4.527915139522061 10.703782664754952 14.941638430698644 13.276272861326772 7.071514218724089 10.873228588278577 8.167745648911026 5.512923501682272 9.205774143986174 12.391628271220219 15.345831023433405 4.831754059693598 15.881392884451726 7.415685032702292 15.253894259754269 9.240910825092632 9.6871693988971
7.189630596438563 12.373081140748951 6.7001719916514375 11.231432779710179 17.971801359020823 4.0329635364257275 4.551566625415843 17.370314045457473 11.251757837112942 8.690628020337698 11.92468140994841 5.624493013564395 7.569282885475838 13.352267610544978 9.759391579234498 7.179362512849807 7.5831824539493375 10.73644927985946 13.819615277678533 8.607303890391375 7.537799735989754 15.366079208705086 11.834575912664334 8.82667113992573 7.725687430347429 7.532880640524683 13.003297287462603 15.039612104166489 8.213184600244876 7.123905380269628 0.0 6.476689238103304 11.894214735018416 3.5010779800746694 4.5510733436133375 8.536768925269797 7.437396380906859 2.5584527165982287 5.096998765258488 9.808432996666028 11.325027865607723 7.456714409543768 15.7169629736612 13.472371041824278 10.622318382143755 9.284974094090586 5.323641599441824 13.171429049383004 14.316873715158042 12.375524956474257
11.562226493463395 13.4504461732659 12.680621650380981 8.285982950631059 19.36498612830751 10.218440547777304 10.727899259690519 18.91406696982241 17.687228170695043 2.742389546742518 13.528718444342585 11.7912739658186 11.983985241054409 16.308715017244122 14.855911065881804 13.058723272428722 4.335755814990967 7.303772711231799 19.49950109681477 2.263847667854266 12.450351503433213 21.457603332072775 11.141338015602216 4.924166193229586 3.5042594381084355 12.044382685717737 12.381592040605033 17.16833793061344 1.8231015289975612 13.395241637516381 6.476689238103304 0.0 15.221964273684332 9.078805647377786 6.391839878688179 2.834505595259476 3.5554324118600773 8.112169583754754 3.737511945434264 13.084828848318312 16.664121440780917 12.177777805942414 18.94843693598196 12.693179749105997 16.02985287842007 3.084387776278158 10.63971269369189 12.24875648637202 18.911263658559626 15.697076918703532
17.79727912542335 4.927253199600626 14.933143569873764 11.817083334072619 7.284344907597337 13.177816194192786 9.217725912137928 6.593808747064209 12.212311630621782 15.433228500696275 3.865854840245763 13.829067050653736 18.04717286127462 1.5940324348061714 4.809833012837985 15.476257771440547 12.149843851854648 12.460376514729779 8.383042858242362 16.108829489421982 5.170035122044037 11.555671580711522 8.20271664260439 12.847955771659093 13.191011584951104 17.923254974799175 8.236196930441412 3.9731816460559806 15.996011420370806 9.346735087558567 11.894214735018416 15.221964273684332 0.0 8.693397358446806 16.4393494767033 15.025187857287653 12.852503775510979 13.686953540680364 11.495917636669018 2.1703547975063704 5.810452624188198 17.640537584075798 3.84862138606194 8.63682985387937 5.897701801708237 16.17373270987554 15.467631973652969 8.819935900547938 4.823141528023566 0.4886123475049595
9.276716927280331 10.12642060812303 7.175730782131117 11.265401068635684 15.278666612754868 4.826609334891619 1.9810000843731257 14.636473977706705 9.034279666805253 10.70297004274663 9.4588489903464 5.951339094698296 9.572007889606358 10.225991637315055 6.265115154126028 7.7414254290954725 8.553659165835832 11.105705931639491 10.518892561687256 10.900481906167316 4.047598762688251 12.380718836180248 10.569427635460997 9.787532852225116 9.106635886224444 9.472686749822378 11.567301733486104 12.158535850723744 10.581646965323024 4.527915139522061 3.5010779800746694 9.078805647377786 8.693397358446806 0.0 7.967513327828088 10.435899493300008 8.749287757224707 4.9937075651547005 6.347147789341637 6.7402258868080915 7.881180104943117 9.25025720116313 12.442788759500653 12.072876906694697 7.1920692483837465 11.40323096509355 7.000375844860159 11.876891395746652 10.8181467865132 9.159043548639277
5.283851508633436 16.56387538225112 7.428051662954743 13.796662058809476 22.31937299421865 5.7507214860248155 8.524482875658743 21.74175080149026 14.080061322214545 9.133658708055705 16.23144786779346 6.961725964708403 5.697278607003491 17.882365619798108 14.128845230612622 7.6335314079965215 9.688148169383634 13.01382959161927 17.787254501881865 8.568717583713422 12.010607437364785 18.8757540495561 15.440287093505557 10.710142273859773 9.305638337912175 5.784546160696178 16.67628576464025 19.48876330940768 8.116793227483226 10.703782664754952 4.5510733436133375 6.391839878688179 16.4393494767033 7.967513327828088 0.0 9.196415064628857 9.170475611442331 3.648205731779671 7.583385349119368 14.338733812371363 15.558913759523454 5.987496015905306 20.266703137784823 17.100627659945864 14.841331682550347 9.43180884041954 4.996675792760932 16.735552010129258 18.75071761295661 16.921901302985138
14.293711170276582 12.384066284425046 15.081409834898656 6.009582547087635 18.14122611341189 12.50179301532431 12.291960736038726 17.767270668027354 19.393358082859244 0.428633385689149 12.680756012041863 14.098711443425207 14.716273049373234 15.884489787847267 15.554466784461145 15.501779705249827 2.921307291510761 4.9282354994969015 20.40964916662769 1.372375886176275 13.190213534704263 22.667947550526442 9.523438313042835 2.7626893491032183 1.8456950021035414 14.765680674771353 10.692959291119159 16.337500089868072 1.5921158316510677 14.941638430698644 8.536768925269797 2.834505595259476 15.025187857287653 10.435899493300008 9.196415064628857 0.0 2.172973857029709 10.541799557073542 4.14188774892024 13.00732671201948 17.42981348279375 14.872623907079209 18.53898652568016 10.920851144449351 16.859345809171614 1.1485448584447457 13.202732788697425 10.449751744912536 19.18007333730559 15.471334834901935
13.91221822709065 10.321316432833674 14.132739781616873 4.782433900900337 16.149230698738915 11.470142819109025 10.68179822180583 15.747064832106304 17.78089466750431 2.5855180663280852 10.56417847889013 13.058844383332048 14.330308433708469 13.718005447390393 13.516371047989809 14.599868271387392 0.8319810116746293 3.8800309458903657 18.413022536222236 3.3569051542922943 11.182900161251588 20.774924038583823 7.686298127482273 1.5401177797555405 0.3732142718709351 14.351268943762996 8.906064875333769 14.22746609272734 3.366073153926475 13.276272861326772 7.437396380906859 3.5554324118600773 12.852503775510979 8.749287757224707 9.170475611442331 2.172973857029709 0.0 9.738333654224713 2.4464765961827313 10.841162062946413 15.401125527367755 14.394958710315775 16.37368857997491 9.19105572485006 14.853445973036413 3.3214318103168927 12.512818632877279 8.737183839957751 17.038183649542823 13.298366221700073
4.653088840664075 14.708107538238023 4.569150046275234 13.747117212639074 20.144271430367333 2.2503507018558513 5.052763624287214 19.519470989215673 10.502402545148424 10.62527494434971 14.177493587438027 3.7274396817062607 5.023193941983548 15.217437428606601 10.794750084456417 4.964307615698567 9.979029501824318 13.206150342056304 14.191196749105274 10.361659047972475 8.867879895084034 15.22793288417625 14.36526002782934 11.194042062524705 9.992543846710975 4.980164476571293 15.519125752492817 17.095213920754603 9.930798554827764 7.071514218724089 2.5584527165982287 8.112169583754754 13.686953540680364 4.9937075651547005 3.648205731779671 10.541799557073542 9.738333654224713 0.0 7.5150728952089345 11.71532016624682 12.093148304911445 4.89828514356221 17.420996790289355 15.994310334972356 11.37246975315355 11.130272399881136 2.8015556811312896 15.703740642126759 15.452549076771765 14.151628289162936
11.897827236753086 9.878442428391736 11.791342782852963 6.325205091980417 15.810241521072829 9.111326091410216 8.2569816389027 15.326804311198934 15.363926223943377 4.45418258492023 9.869503659774015 10.68753602596933 12.307105745983177 12.571289319329697 11.484258024319272 12.275787027728484 2.4865302927816066 5.701266988707564 16.296237231235732 4.853685738358235 9.098151216739462 18.526060011538064 8.027179787358982 3.736529618947566 2.785715335114773 12.307940055776292 9.282993792741642 13.481983421505124 4.6409969480941164 10.873228588278577 5.096998765258488 3.737511945434264 11.495917636669018 6.347147789341637 7.583385349119368 4.14188774892024 2.4464765961827313 7.5150728952089345 0.0 9.370814252692124 13.345168964258356 12.308242701865364 15.2112285345355 9.66796090443213 12.756723474658822 5.190484498601382 10.315122934579772 9.270186726135893 15.319514494681368 11.968592049157065
15.970645765432662 4.627861308163932 13.355283771469567 10.307376105106934 8.668072828932782 11.397727135194554 7.537549583641531 8.001274165611335 11.655925123290595 13.407435262328805 3.6032688498543664 12.200103509514307 16.243776832829273 3.5441969140307084 4.445230271301044 13.91254250842506 10.173756652915431 10.825321596248791 8.966564303604649 14.046702976243745 3.7621230714440355 11.99312121857736 7.176196138068573 10.959440157455074 11.18971693464778 16.13106501745691 7.527344067057549 5.450803508090009 13.915086647579155 8.167745648911026 9.808432996666028 13.084828848318312 2.1703547975063704 6.7402258868080915 14.338733812371363 13.00732671201948 10.841162062946413 11.71532016624682 9.370814252692124 0.0 6.010505429595494 15.873990440973435 6.0089550380124335 7.995436558837736 5.8327577190549595 14.15415336217925 13.658904780433701 8.064768944229995 6.324578983980357 2.6577839220526824
15.122457406813856 10.462957249693606 11.507983477013486 15.982106258169166 12.711599482254615 10.69252203399346 7.05004736542996 12.030854106423623 6.7458034045736515 17.774479672874822 9.385507264790062 10.682338735068441 15.255672357223942 7.032037301557559 1.8901312369992347 11.961528794096909 14.912325827868766 16.327083690718776 3.076952919189633 18.189631098733155 4.2471673280847995 5.984543790538554 13.173775309432463 15.939141903999152 15.773511334517364 15.091109629561801 13.528327388335864 9.523748664621735 17.944239742934656 5.512923501682272 11.325027865607723 16.664121440780917 5.810452624188198 7.881180104943117 15.558913759523454 17.42981348279375 15.401125527367755 12.093148304911445 13.345168964258356 6.010505429595494 0.0 14.718462447475654 7.618548100295714 13.988055482690065 0.7207020268945645 18.52074484996347 12.878089509070936 14.072108515358979 3.7868102490202333 5.912843798402989
