EUCLIDEAN
50
36.757681 49.399812
42.309284 95.160329
99.683452 62.036582
50.194943 3.411298
17.440394 0.113416
12.691295 75.901164
80.167797 59.742645
68.792993 74.586987
77.264774 28.466738
78.525188 27.976807
42.219065 36.655075
40.644672 95.554071
6.244353 3.850664
3.331963 85.009144
77.580545 81.371400
44.624964 22.674184
84.172198 95.807811
26.502184 76.333924
93.971707 81.386649
18.433064 79.061725
0.828149 80.362807
15.532081 3.821642
4.971900 3.320603
98.167634 94.285378
86.005014 10.408822
72.453680 78.282100
7.648709 16.861907
26.626191 28.034683
36.281544 87.250135
17.891871 84.755078
94.065431 54.791450
20.755680 88.573080
71.650821 47.579028
51.779963 21.399652
39.653836 21.693259
47.907215 76.972193
13.130643 17.734462
19.957299 74.239109
52.557013 74.459330
10.947033 23.845820
80.440080 99.078858
13.982067 67.392972
11.889784 69.783943
43.884997 82.889681
11.307623 39.746093
40.759626 18.062355
55.135784 87.966305
77.796202 55.074833
93.312422 76.688344
40.141730 55.154289
0.000000 46.096043 64.182090 47.911412 52.936816 35.798221 44.625244 40.751135 45.596252 46.941131 13.865606 46.317646 54.825068 48.839566 51.852566 27.859529 66.346354 28.820507 65.548474 34.865752 47.430352 50.278183 55.978830 76.065079 62.813988 45.917218 43.658304 23.645631 37.853318 40.073852 57.560819 42.315587 34.940614 31.775429 27.857509 29.741357 39.508624 29.987389 29.624286 36.320739 66.152548 29.025547 32.154706 34.239888 27.219474 31.591958 42.721529 41.429049 62.794129 6.675762
46.096043 0.000000 66.249360 92.087286 98.246514 35.329036 51.842833 33.535790 75.298880 76.323112 58.505323 1.710546 98.173999 40.277514 37.870785 72.523125 41.867920 24.582472 53.467001 28.796510 44.041472 95.182847 99.139374 55.865201 95.352686 34.547926 85.627089 68.933387 9.945090 26.542029 65.637985 22.537739 55.900859 74.366197 73.515045 19.030111 82.741513 30.615498 23.098643 77.906033 38.331612 39.666829 39.614480 12.371405 63.496776 77.113547 14.706226 53.536607 54.245131 40.064716
64.182090 66.249360 0.000000 76.720509 102.948527 88.090079 19.650011 33.342662 40.367457 40.096639 62.820193 67.889614 110.074821 99.052250 29.366200 67.681870 37.163085 74.564818 20.175458 83.014945 100.539651 102.325132 111.435382 32.284401 53.409037 31.707686 102.523877 80.582211 68.231410 84.888119 9.168103 83.269316 31.541231 62.818026 72.326610 53.887394 97.232025 80.654579 48.736290 96.605830 41.742515 85.868611 88.134839 59.567771 91.143585 73.523806 51.544595 22.967753 15.976989 59.938157
47.911412 92.087286 76.720509 0.000000 32.920154 81.616813 63.809032 73.565386 36.885645 37.497560 34.187181 92.636377 43.952786 94.097542 82.630192 20.052018 98.445769 76.675003 89.423489 82.047572 91.425462 34.665291 45.223133 102.759318 36.487348 78.109464 44.621754 34.085145 84.985489 87.523133 67.561377 90.106599 49.103391 18.058050 21.103199 73.596460 39.735568 77.012296 71.087286 44.248934 100.334692 73.518888 76.632977 79.728469 53.220681 17.426378 84.699239 58.574315 85.021424 52.710570
52.936816 98.246514 102.948527 32.920154 0.000000 75.936399 86.546936 90.462159 66.203228 67.139561 44.150599 98.220962 11.803320 86.060052 101.092521 35.326890 116.664266 76.757292 111.635031 78.954550 81.950787 4.170443 12.874369 124.037276 69.333272 95.586636 19.400749 29.393469 89.150417 84.642866 94.133329 88.521768 72.053832 40.401854 30.969770 82.677076 18.140431 74.168411 82.222211 24.604690 117.316321 67.368381 69.891284 86.897797 40.104363 29.427045 95.598497 81.630760 107.797423 59.538630
35.798221 35.329036 88.090079 81.616813 75.936399 0.000000 69.384264 56.117088 80.123398 81.430004 49.113590 34.170573 72.338355 13.059571 65.119415 62.071496 74.201038 13.817668 81.465305 6.554163 12.674403 72.135481 72.989910 87.431023 98.306400 59.809795 59.254211 49.853599 26.178216 10.268290 84.067651 15.020379 65.409244 67.069656 60.543172 35.232203 58.168361 7.453673 39.891784 52.084558 71.603795 8.605546 6.169507 31.966958 36.181538 64.289649 44.125982 68.354847 80.624970 34.408709
44.625244 51.842833 19.650011 63.809032 86.546936 69.384264 0.000000 18.701354 31.410347 31.808279 44.420065 53.334188 92.674641 80.883505 21.782950 51.355270 36.286794 56.171777 25.671206 64.686971 81.975428 85.468909 94.009945 38.951181 49.677955 20.080314 84.248299 62.226188 51.794452 67.111197 14.753256 66.037819 14.848989 47.708010 55.580004 36.573248 79.111741 61.931022 31.287956 77.974972 39.337156 66.626409 69.012425 43.037506 71.704851 57.360706 37.725014 5.235736 21.446163 40.288200
40.751135 33.535790 33.342662 73.565386 90.462159 56.117088 18.701354 0.000000 46.891880 47.615381 46.314183 35.099097 94.424359 66.285503 11.101771 57.262839 26.207696 42.326875 26.080702 50.558340 68.209824 88.568949 95.666239 35.368010 66.446147 5.201394 84.088099 62.810479 34.890538 51.906785 32.102327 50.031932 27.158738 55.842061 60.389047 21.021535 79.564482 48.836933 16.236482 76.946872 27.120221 55.281023 57.105556 26.255343 67.219459 63.094403 19.118721 21.489112 24.609309 34.619714
45.596252 75.298880 40.367457 36.885645 66.203228 80.123398 31.410347 46.891880 0.000000 1.352286 35.989590 76.431290 75.165493 93.075798 52.905604 33.149825 67.694406 69.771828 55.494491 77.595250 92.389175 66.470341 76.541412 69.058112 20.061907 50.047147 70.576686 50.640427 71.659702 81.813928 31.229033 82.498788 19.919741 26.446537 38.216000 56.697843 65.025907 73.343415 52.209118 66.478536 70.683478 74.296384 77.336930 63.844078 66.914644 37.958886 63.481420 26.613401 50.821750 45.720299
46.941131 76.323112 40.096639 37.497560 67.139561 81.430004 31.808279 47.615381 1.352286 0.000000 37.328902 77.470124 76.200983 94.375361 53.402949 34.312432 68.065658 71.026782 55.598616 78.871619 93.707646 67.465573 77.575863 69.156723 19.094027 50.670364 71.742709 51.899030 72.786352 83.067269 30.992325 83.721111 20.772674 27.542078 39.375944 57.775498 66.191784 74.635100 53.244447 67.704299 71.127832 75.627036 78.664565 64.925855 68.240143 39.045283 64.387919 27.107830 50.906544 47.030898
13.865606 58.505323 62.820193 34.187181 44.150599 49.113590 44.420065 46.314183 35.989590 37.328902 0.000000 58.920034 48.685822 62.050969 57.008631 14.186390 72.519732 42.678231 68.405041 48.621989 60.196128 42.311104 49.985381 80.321193 51.049732 51.448432 39.835651 17.817096 50.942264 53.901972 54.926985 56.179677 31.393646 18.003852 15.180130 40.716398 34.700518 43.682328 39.192281 33.793742 73.195455 41.739027 44.915334 46.264610 31.065602 18.649912 52.912040 40.062703 64.909119 18.615484
46.317646 1.710546 67.889614 92.636377 98.220962 34.170573 53.334188 35.099097 76.431290 77.470124 58.920034 0.000000 97.943335 38.774138 39.565222 72.988497 43.528265 23.862607 55.176883 27.665015 42.616077 95.107733 98.891655 57.536950 96.474214 36.195773 85.329891 68.959304 9.380418 25.185476 67.196493 21.078573 57.122553 74.985816 73.867458 19.950707 82.540374 29.703452 24.225853 77.614580 39.951203 38.780692 38.612733 13.072356 63.049131 77.491802 16.357461 54.943652 55.944682 40.402913
54.825068 98.173999 110.074821 43.952786 11.803320 72.338355 92.674641 94.424359 75.165493 76.200983 48.685822 97.943335 0.000000 81.210719 105.348549 42.748055 120.535745 75.260897 117.080816 76.192312 76.703607 9.287773 1.378442 128.950870 80.029822 99.617838 13.086812 31.627299 88.643695 81.738539 101.525885 85.956189 78.677671 48.800192 37.875476 84.157899 15.497768 71.711770 84.441969 20.540727 120.720399 64.011695 66.174528 87.544184 36.250772 37.326615 97.292410 87.997628 113.517295 61.490602
48.839566 40.277514 99.052250 94.097542 86.060052 13.059571 80.883505 66.285503 93.075798 94.375361 62.050969 38.774138 81.210719 0.000000 74.337643 74.771380 81.558291 24.741031 90.712103 16.230066 5.278023 82.099046 81.705001 95.288263 111.355473 69.448290 68.283821 61.552500 33.025701 14.562125 95.633003 17.784476 77.900449 79.958590 72.994382 45.293992 67.984535 19.808975 50.342866 61.635553 78.381239 20.585292 17.465482 40.608382 45.960363 76.698778 51.888156 80.255753 90.364367 47.394845
51.852566 37.870785 29.366200 82.630192 101.092521 65.119415 21.782950 11.101771 52.905604 53.402949 57.008631 39.565222 105.348549 74.337643 0.000000 67.315923 15.870093 51.326164 16.391169 59.192560 76.759022 99.317556 106.601793 24.302244 71.460892 5.985692 95.141665 73.764162 41.715309 59.784505 31.276912 57.279398 34.308688 65.286144 70.710083 29.997659 90.572898 58.062966 25.960621 88.029638 17.936862 65.116533 66.704912 33.729737 78.260886 73.238073 23.393590 26.297452 16.414109 45.705598
27.859529 72.523125 67.681870 20.052018 35.326890 62.071496 51.355270 57.262839 33.149825 34.312432 14.186390 72.988497 42.748055 74.771380 67.315923 0.000000 83.141512 56.637469 76.695857 62.173712 72.430230 34.667192 44.123991 89.414655 43.159560 62.182617 37.430282 18.780064 65.112719 67.592127 58.956582 70.088567 36.751166 7.267629 5.066984 54.397123 31.879353 57.161483 52.389109 33.698305 84.382444 54.210305 57.366553 60.220044 37.436550 6.017459 66.132733 46.369528 72.718623 32.788056
66.346354 41.867920 37.163085 98.445769 116.664266 74.201038 36.286794 26.207696 67.694406 68.065658 72.519732 43.528265 120.535745 81.558291 15.870093 83.141512 0.000000 60.869226 17.435604 67.838522 84.763073 114.773346 121.764407 14.077998 85.418654 21.082556 109.946806 88.908604 48.649240 67.195570 42.192629 63.827862 49.827707 81.153133 86.457223 40.864770 105.557332 67.740402 38.148100 102.666708 4.962706 75.723560 76.824404 42.307643 91.935643 89.044974 30.076611 41.228980 21.191925 59.928214
28.820507 24.582472 74.564818 76.675003 76.757292 13.817668 56.171777 42.326875 69.771828 71.026782 42.678231 23.862607 75.260897 24.741031 51.326164 56.637469 60.869226 0.000000 67.658455 8.517723 25.988227 73.337400 76.121601 73.879573 88.807127 45.992776 62.388896 48.299400 14.656041 12.043808 70.914529 13.521067 53.527969 60.470987 56.201141 21.414545 60.105699 6.871955 26.122179 54.744532 58.537413 15.384861 16.013260 18.577947 39.617472 59.990419 30.906235 55.524997 66.811178 25.191549
65.548474 53.467001 20.175458 89.423489 111.635031 81.465305 25.671206 26.080702 55.494491 55.598616 68.405041 55.176883 117.080816 90.712103 16.391169 76.695857 17.435604 67.658455 0.000000 75.574413 93.149184 110.313667 118.386118 13.564034 71.423526 21.740830 107.773384 85.917698 57.987373 76.154368 26.595364 73.567869 40.511445 73.338823 80.707694 46.275531 102.892558 74.358724 41.990053 101.015065 22.273733 81.204467 82.897918 50.109257 92.559638 82.713311 39.389348 30.886220 4.744335 59.881575
34.865752 28.796510 83.014945 82.047572 78.954550 6.554163 64.686971 50.558340 77.595250 78.871619 48.621989 27.665015 76.192312 16.230066 59.192560 62.173712 67.838522 8.517723 75.574413 0.000000 17.652927 75.295988 76.928022 81.174881 96.328550 54.026242 63.127804 51.680619 19.637166 5.719017 79.431110 9.790833 61.832758 66.610287 61.167492 29.548126 61.556063 5.057759 34.432920 55.721062 65.157929 12.488842 11.353051 25.738184 39.956112 64.956898 37.767463 64.026192 74.916962 32.292905
47.430352 44.041472 100.539651 91.425462 81.950787 12.674403 81.975428 68.209824 92.389175 93.707646 60.196128 42.616077 76.703607 5.278023 76.759022 72.430230 84.763073 25.988227 93.149184 17.652927 0.000000 77.940719 77.153561 98.330124 110.220952 71.655747 63.866144 58.341851 36.116180 17.619950 96.680324 21.552612 78.042470 77.927793 70.353038 47.201003 63.825238 20.085419 52.064637 57.415691 81.782334 18.472742 15.305951 43.130931 41.946834 73.999116 54.837327 81.015818 92.557238 46.701467
50.278183 95.182847 102.325132 34.665291 4.170443 72.135481 85.468909 88.568949 66.470341 67.465573 42.311104 95.107733 9.287773 82.099046 99.317556 34.667192 114.773346 73.337400 110.313667 75.295988 77.940719 0.000000 10.572060 122.524782 70.780119 93.725281 15.237981 26.633637 85.970075 80.967831 93.623760 84.912262 71.161941 40.285176 30.020889 79.994703 14.118551 70.556376 79.752923 20.542405 115.269188 63.590224 66.062784 83.997873 36.171981 28.969414 92.998805 80.645585 106.580194 56.926932
55.978830 99.139374 111.435382 45.223133 12.874369 72.989910 94.009945 95.666239 76.541412 77.575863 49.985381 98.891655 1.378442 81.705001 106.601793 44.123991 121.764407 76.121601 118.386118 76.928022 77.153561 10.572060 0.000000 130.230699 81.342537 100.861374 13.803341 32.858698 89.579351 82.453013 102.892688 86.701284 80.030536 50.178150 39.247817 85.252554 16.562742 72.484458 85.586573 21.377249 121.922474 64.702794 66.822396 88.574642 36.972391 38.705045 98.393649 89.341364 114.834112 62.639029
76.065079 55.865201 32.284401 102.759318 124.037276 87.431023 38.951181 35.368010 69.058112 69.156723 80.321193 57.536950 128.950870 95.288263 24.302244 89.414655 14.077998 73.879573 13.564034 81.174881 98.330124 122.524782 130.230699 0.000000 84.753796 30.287164 119.113684 97.505552 62.284691 80.839499 39.706403 77.622425 53.708700 86.395284 93.238835 53.158782 114.417361 80.738525 49.733297 112.112285 18.364194 88.376530 89.689396 55.465905 102.563127 95.423418 43.493342 44.186673 18.254552 69.987481
62.813988 95.352686 53.409037 36.487348 69.333272 98.306400 49.677955 66.446147 20.061907 19.094027 51.049732 96.474214 80.029822 111.355473 71.460892 43.159560 85.418654 88.807127 71.423526 96.328550 110.220952 70.780119 81.342537 84.753796 0.000000 69.212864 78.621580 61.939613 91.526012 100.830382 45.108624 101.819088 39.845540 35.946523 47.705033 76.695010 73.241648 91.850999 72.258123 76.251252 88.844492 91.839524 94.965638 83.830608 80.251951 45.888144 83.474981 45.414063 66.681131 64.074937
45.917218 34.547926 31.707686 78.109464 95.586636 59.809795 20.080314 5.201394 50.047147 50.670364 51.448432 36.195773 99.617838 69.448290 5.985692 62.182617 21.082556 45.992776 21.740830 54.026242 71.655747 93.725281 100.861374 30.287164 69.212864 0.000000 89.286754 68.007072 37.267266 54.944431 31.919875 52.712308 30.713568 60.522851 65.407391 24.581392 84.765791 52.651836 20.260576 82.136327 22.277516 59.476909 61.157210 28.937856 72.276304 68.050943 19.841707 23.814277 20.919540 39.736101
43.658304 85.627089 102.523877 44.621754 19.400749 59.254211 84.248299 84.088099 70.576686 71.742709 39.835651 85.329891 13.086812 68.283821 95.141665 37.430282 109.946806 62.388896 107.773384 63.127804 63.866144 15.237981 13.803341 119.113684 78.621580 89.286754 0.000000 22.022165 75.989091 68.661525 94.374255 72.899143 70.991633 44.363935 32.367733 72.346346 5.550942 58.682575 73.035738 7.723600 109.809885 50.926417 53.091700 75.317564 23.174849 33.132671 85.503554 79.880527 104.486719 50.220544
23.645631 68.933387 80.582211 34.085145 29.393469 49.853599 62.226188 62.810479 50.640427 51.899030 17.817096 68.959304 31.627299 61.552500 73.764162 18.780064 88.908604 48.299400 85.917698 51.680619 58.341851 26.633637 32.858698 97.505552 61.939613 68.007072 22.022165 0.000000 59.997464 57.388950 72.553261 60.822368 49.083590 26.014148 14.489072 53.364426 16.977172 46.683220 53.175704 16.229065 89.124686 41.339434 44.273721 57.505976 19.282521 17.297437 66.367132 57.875209 82.548363 30.300872
37.853318 9.945090 68.231410 84.985489 89.150417 26.178216 51.794452 34.890538 71.659702 72.786352 50.942264 9.380418 88.643695 33.025701 41.715309 65.112719 48.649240 14.656041 57.987373 19.637166 36.116180 85.970075 89.579351 62.284691 91.526012 37.267266 75.989091 59.997464 0.000000 18.558162 66.276269 15.582125 53.148684 67.649739 65.643556 15.517485 73.269319 20.875052 20.700135 68.278434 45.715370 29.859230 30.000431 8.765048 53.668713 69.332548 18.867837 52.523490 58.000625 32.327146
40.073852 26.542029 84.888119 87.523133 84.642866 10.268290 67.111197 51.906785 81.813928 83.067269 53.901972 25.185476 81.738539 14.562125 59.784505 67.592127 67.195570 12.043808 76.154368 5.719017 17.619950 80.967831 82.453013 80.839499 100.830382 54.944431 68.661525 57.388950 18.558162 0.000000 81.854934 4.772687 65.361177 71.849236 66.711140 31.007969 67.189525 10.716884 36.161782 61.303902 64.167353 17.796890 16.129474 26.059975 45.488032 70.504280 37.382095 66.853914 75.850720 37.030567
57.560819 65.637985 9.168103 67.561377 94.133329 84.067651 14.753256 32.102327 31.229033 30.992325 54.926985 67.196493 101.525885 95.633003 31.276912 58.956582 42.192629 70.914529 26.595364 79.431110 96.680324 93.623760 102.892688 39.706403 45.108624 31.919875 94.374255 72.553261 66.276269 81.854934 0.000000 80.718759 23.546417 53.880172 63.687612 51.210997 89.014944 76.617404 45.932279 88.692165 46.335998 81.068758 83.532100 57.511621 84.114312 64.734344 51.147711 16.271696 21.909838 53.924921
42.315587 22.537739 83.269316 90.106599 88.521768 15.020379 66.037819 50.031932 82.498788 83.721111 56.179677 21.078573 85.956189 17.784476 57.279398 70.088567 63.827862 13.521067 73.567869 9.790833 21.552612 84.912262 86.701284 77.622425 101.819088 52.712308 72.899143 60.822368 15.582125 4.772687 80.718759 0.000000 65.351570 73.991726 69.498567 29.526029 71.247814 14.356189 34.792567 65.466233 60.601972 22.236880 20.775847 23.817353 49.732690 73.293384 34.385458 66.149480 73.523654 38.634628
34.940614 55.900859 31.541231 49.103391 72.053832 65.409244 14.848989 27.158738 19.919741 20.772674 31.393646 57.122553 78.677671 77.900449 34.308688 36.751166 49.827707 53.527969 40.511445 61.832758 78.042470 71.161941 80.030536 53.708700 39.845540 30.713568 70.991633 49.083590 53.148684 65.361177 23.546417 65.351570 0.000000 32.866559 41.156775 37.785143 65.691015 58.163392 32.971566 65.178333 52.244460 60.977681 63.752960 44.919742 60.849457 42.725870 43.633457 9.692925 36.284670 32.406903
31.775429 74.366197 62.818026 18.058050 40.401854 67.069656 47.708010 55.842061 26.446537 27.542078 18.003852 74.985816 48.800192 79.958590 65.286144 7.267629 81.153133 60.470987 73.338823 66.610287 77.927793 40.285176 50.178150 86.395284 35.946523 60.522851 44.363935 26.014148 67.649739 71.849236 53.880172 73.991726 32.866559 0.000000 12.129680 55.707320 38.822719 61.682170 53.065368 40.906135 82.797714 59.532062 62.707782 61.994791 44.436495 11.514573 66.651187 42.554230 69.150449 35.704677
27.857509 73.515045 72.326610 21.103199 30.969770 60.543172 55.580004 60.389047 38.216000 39.375944 15.180130 73.867458 37.875476 72.994382 70.710083 5.066984 86.457223 56.201141 80.707694 61.167492 70.353038 30.020889 39.247817 93.238835 47.705033 65.407391 32.367733 14.489072 65.643556 66.711140 63.687612 69.498567 41.156775 12.129680 0.000000 55.891671 26.817007 56.116129 54.320809 28.787395 87.475989 52.416634 55.529780 61.342521 33.606734 3.795554 68.057383 50.686977 76.835560 33.464587
29.741357 19.030111 53.887394 73.596460 82.677076 35.232203 36.573248 21.021535 56.697843 57.775498 40.716398 19.950707 84.157899 45.293992 29.997659 54.397123 40.864770 21.414545 46.275531 29.548126 47.201003 79.994703 85.252554 53.158782 76.695010 24.581392 72.346346 53.364426 15.517485 31.007969 51.210997 29.526029 37.785143 55.707320 55.891671 0.000000 68.691475 28.083225 5.285367 64.718363 39.333090 35.251626 36.727732 7.155061 52.204527 59.341866 13.157610 37.051936 45.406094 23.158663
39.508624 82.741513 97.232025 39.735568 18.140431 58.168361 79.111741 79.564482 65.025907 66.191784 34.700518 82.540374 15.497768 67.984535 90.572898 31.879353 105.557332 60.105699 102.892558 61.556063 63.825238 14.118551 16.562742 114.417361 73.241648 84.765791 5.550942 16.977172 73.269319 67.189525 89.014944 71.247814 65.691015 38.822719 26.817007 68.691475 0.000000 56.915537 69.080745 6.489750 105.581585 49.665809 52.064270 72.048823 22.086994 27.630928 81.834856 74.672203 99.522249 46.150215
29.987389 30.615498 80.654579 77.012296 74.168411 7.453673 61.931022 48.836933 73.343415 74.635100 43.682328 29.703452 71.711770 19.808975 58.062966 57.161483 67.740402 6.871955 74.358724 5.057759 20.085419 70.556376 72.484458 80.738525 91.850999 52.651836 58.682575 46.683220 20.875052 10.716884 76.617404 14.356189 58.163392 61.682170 56.116129 28.083225 56.915537 0.000000 32.600458 51.192464 65.384860 9.086968 9.215927 25.443410 35.561004 59.904628 37.761908 60.931176 73.396000 27.778438
29.624286 23.098643 48.736290 71.087286 82.222211 39.891784 31.287956 16.236482 52.209118 53.244447 39.192281 24.225853 84.441969 50.342866 25.960621 52.389109 38.148100 26.122179 41.990053 34.432920 52.064637 79.752923 85.586573 49.733297 72.258123 20.260576 73.035738 53.175704 20.700135 36.161782 45.932279 34.792567 32.971566 53.065368 54.320809 5.285367 69.080745 32.600458 0.000000 65.521888 37.196594 39.216832 40.935105 12.094407 53.912160 57.617681 13.750943 31.824132 40.816318 22.952644
36.320739 77.906033 96.605830 44.248934 24.604690 52.084558 77.974972 76.946872 66.478536 67.704299 33.793742 77.614580 20.540727 61.635553 88.029638 33.698305 102.666708 54.744532 101.015065 55.721062 57.415691 20.542405 21.377249 112.112285 76.251252 82.136327 7.723600 16.229065 68.278434 61.303902 88.692165 65.466233 65.178333 40.906135 28.787395 64.718363 6.489750 51.192464 65.521888 0.000000 102.417252 43.652787 45.947795 67.609814 15.904360 30.368391 77.872218 73.783892 97.859030 42.808300
66.152548 38.331612 41.742515 100.334692 117.316321 71.603795 39.337156 27.120221 70.683478 71.127832 73.195455 39.951203 120.720399 78.381239 17.936862 84.382444 4.962706 58.537413 22.273733 65.157929 81.782334 115.269188 121.922474 18.364194 88.844492 22.277516 109.809885 89.124686 45.715370 64.167353 46.335998 60.601972 52.244460 82.797714 87.475989 39.333090 105.581585 65.384860 37.196594 102.417252 0.000000 73.625151 74.547537 39.979540 91.102545 90.212041 27.636864 44.083379 25.826968 59.609771
29.025547 39.666829 85.868611 73.518888 67.368381 8.605546 66.626409 55.281023 74.296384 75.627036 41.739027 38.780692 64.011695 20.585292 65.116533 54.210305 75.723560 15.384861 81.204467 12.488842 18.472742 63.590224 64.702794 88.376530 91.839524 59.476909 50.926417 41.339434 29.859230 17.796890 81.068758 22.236880 60.977681 59.532062 52.416634 35.251626 49.665809 9.086968 39.216832 43.652787 73.625151 0.000000 3.177167 33.679863 27.775935 56.129737 46.009678 64.992157 79.873081 28.881020
32.154706 39.614480 88.134839 76.632977 69.891284 6.169507 69.012425 57.105556 77.336930 78.664565 44.915334 38.612733 66.174528 17.465482 66.704912 57.366553 76.824404 16.013260 82.897918 11.353051 15.305951 66.062784 66.822396 89.689396 94.965638 61.157210 53.091700 44.273721 30.000431 16.129474 83.532100 20.775847 63.752960 62.707782 55.529780 36.727732 52.064270 9.215927 40.935105 45.947795 74.547537 3.177167 0.000000 34.575339 30.043491 59.233356 46.912843 67.527875 81.714850 31.815079
34.239888 12.371405 59.567771 79.728469 86.897797 31.966958 43.037506 26.255343 63.844078 64.925855 46.264610 13.072356 87.544184 40.608382 33.729737 60.220044 42.307643 18.577947 50.109257 25.738184 43.130931 83.997873 88.574642 55.465905 83.830608 28.937856 75.317564 57.505976 8.765048 26.059975 57.511621 23.817353 44.919742 61.994791 61.342521 7.155061 72.048823 25.443410 12.094407 67.609814 39.979540 33.679863 34.575339 0.000000 54.061580 64.902621 12.343109 43.859271 49.814927 27.986854
27.219474 63.496776 91.143585 53.220681 40.104363 36.181538 71.704851 67.219459 66.914644 68.240143 31.065602 63.049131 36.250772 45.960363 78.260886 37.436550 91.935643 39.617472 92.559638 39.956112 41.946834 36.171981 36.972391 102.563127 80.251951 72.276304 23.174849 19.282521 53.668713 45.488032 84.114312 49.732690 60.849457 44.436495 33.606734 52.204527 22.086994 35.561004 53.912160 15.904360 91.102545 27.775935 30.043491 54.061580 0.000000 36.573282 65.162079 68.232700 89.941742 32.692786
31.591958 77.113547 73.523806 17.426378 29.427045 64.289649 57.360706 63.094403 37.958886 39.045283 18.649912 77.491802 37.326615 76.698778 73.238073 6.017459 89.044974 59.990419 82.713311 64.956898 73.999116 28.969414 38.705045 95.423418 45.888144 68.050943 33.132671 17.297437 69.332548 70.504280 64.734344 73.293384 42.725870 11.514573 3.795554 59.341866 27.630928 59.904628 57.617681 30.368391 90.212041 56.129737 59.233356 64.902621 36.573282 0.000000 71.366912 52.360592 78.732478 37.097081
42.721529 14.706226 51.544595 84.699239 95.598497 44.125982 37.725014 19.118721 63.481420 64.387919 52.912040 16.357461 97.292410 51.888156 23.393590 66.132733 30.076611 30.906235 39.389348 37.767463 54.837327 92.998805 98.393649 43.493342 83.474981 19.841707 85.503554 66.367132 18.867837 37.382095 51.147711 34.385458 43.633457 66.651187 68.057383 13.157610 81.834856 37.761908 13.750943 77.872218 27.636864 46.009678 46.912843 12.343109 65.162079 71.366912 0.000000 39.941751 39.807638 36.075615
41.429049 53.536607 22.967753 58.574315 81.630760 68.354847 5.235736 21.489112 26.613401 27.107830 40.062703 54.943652 87.997628 80.255753 26.297452 46.369528 41.228980 55.524997 30.886220 64.026192 81.015818 80.645585 89.341364 44.186673 45.414063 23.814277 79.880527 57.875209 52.523490 66.853914 16.271696 66.149480 9.692925 42.554230 50.686977 37.051936 74.672203 60.931176 31.824132 73.783892 44.083379 64.992157 67.527875 43.859271 68.232700 52.360592 39.941751 0.000000 26.606333 37.654556
62.794129 54.245131 15.976989 85.021424 107.797423 80.624970 21.446163 24.609309 50.821750 50.906544 64.909119 55.944682 113.517295 90.364367 16.414109 72.718623 21.191925 66.811178 4.744335 74.916962 92.557238 106.580194 114.834112 18.254552 66.681131 20.919540 104.486719 82.548363 58.000625 75.850720 21.909838 73.523654 36.284670 69.150449 76.835560 45.406094 99.522249 73.396000 40.816318 97.859030 25.826968 79.873081 81.714850 49.814927 89.941742 78.732478 39.807638 26.606333 0.000000 57.365826
6.675762 40.064716 59.938157 52.710570 59.538630 34.408709 40.288200 34.619714 45.720299 47.030898 18.615484 40.402913 61.490602 47.394845 45.705598 32.788056 59.928214 25.191549 59.881575 32.292905 46.701467 56.926932 62.639029 69.987481 64.074937 39.736101 50.220544 30.300872 32.327146 37.030567 53.924921 38.634628 32.406903 35.704677 33.464587 23.158663 46.150215 27.778438 22.952644 42.808300 59.609771 28.881020 31.815079 27.986854 32.692786 37.097081 36.075615 37.654556 57.365826 0.000000
